aa               = 2.000000e+00    
buildnum         = 1.000000e+00    
